date	size
20121104	18900000000000.0
20121111	19600000000000.0
20121118	20400000000000.0
20121125	20900000000000.0
20121202	22100000000000.0
20121209	22800000000000.0
20121216	26200000000000.0
20121223	27100000000000.0
20121230	27500000000000.0
20130106	27800000000000.0
20130113	29200000000000.0
20130120	32400000000000.0
20130127	32900000000000.0
20130203	32900000000000.0
20130210	33000000000000
20130217	33300000000000.0
20130224	33400000000000.0
20130303	33400000000000.0
20130310	32300000000000.0
20130317	21700000000000.0
20130324	21700000000000.0
