date	size
20121104	1000000000000
20121111	1000000000000
20121118	1100000000000.0
20121125	1200000000000.0
20121202	1200000000000.0
20121209	1300000000000.0
20121216	1400000000000.0
20121223	474000000000
20121230	481400000000.0
20130106	481400000000.0
20130113	485200000000.0
20130120	496600000000.0
20130127	526700000000.0
20130203	562500000000.0
20130210	594300000000.0
20130217	657000000000
20130224	704700000000.0
20130303	751300000000.0
20130310	788500000000.0
20130317	807400000000.0
20130324	831100000000.0
